-9976
-9972
-9972
-9963
-9960
-9959
-9947
-9947
-9945
-9942
-9928
-9877
-9860
-9858
-9858
-9852
-9847
-9841
-9825
-9807
-9785
-9778
-9765
-9741
-9712
-9708
-9700
-9697
-9685
-9674
-9672
-9665
-9645
-9584
-9576
-9574
-9550
-9533
-9528
-9519
-9518
-9515
-9509
-9497
-9463
-9444
-9420
-9400
-9399
-9392
-9392
-9390
-9374
-9351
-9329
-9310
-9290
-9252
-9250
-9222
-9217
-9212
-9202
-9175
-9149
-9125
-9112
-9100
-9089
-9088
-9087
-9055
-8997
-8985
-8983
-8982
-8975
-8929
-8920
-8902
-8887
-8881
-8869
-8868
-8850
-8847
-8800
-8779
-8779
-8736
-8718
-8682
-8645
-8637
-8584
-8584
-8575
-8570
-8543
-8541
-8485
-8480
-8462
-8461
-8457
-8457
-8455
-8452
-8413
-8412
-8376
-8374
-8374
-8366
-8363
-8350
-8345
-8341
-8321
-8306
-8282
-8277
-8276
-8274
-8248
-8242
-8237
-8237
-8231
-8168
-8158
-8131
-8119
-8115
-8076
-8074
-8055
-8052
-8046
-8026
-8007
-8001
-7989
-7956
-7918
-7912
-7875
-7858
-7846
-7839
-7832
-7829
-7810
-7780
-7777
-7767
-7721
-7704
-7697
-7694
-7676
-7645
-7637
-7632
-7614
-7591
-7587
-7579
-7572
-7534
-7517
-7517
-7490
-7468
-7451
-7451
-7411
-7407
-7402
-7400
-7393
-7381
-7375
-7375
-7366
-7354
-7352
-7342
-7337
-7332
-7330
-7305
-7299
-7296
-7275
-7259
-7242
-7202
-7200
-7187
-7152
-7150
-7135
-7133
-7112
-7087
-7071
-7057
-7037
-7029
-7005
-6965
-6961
-6927
-6907
-6898
-6848
-6805
-6805
-6804
-6801
-6784
-6779
-6755
-6729
-6719
-6703
-6691
-6682
-6658
-6641
-6608
-6570
-6566
-6513
-6473
-6452
-6443
-6439
-6416
-6398
-6378
-6375
-6354
-6345
-6324
-6272
-6263
-6247
-6246
-6243
-6225
-6212
-6195
-6189
-6171
-6169
-6169
-6156
-6153
-6150
-6149
-6131
-6122
-6098
-6064
-6041
-6029
-6023
-6014
-6008
-5979
-5972
-5969
-5959
-5959
-5950
-5916
-5916
-5901
-5871
-5856
-5845
-5831
-5821
-5818
-5814
-5787
-5779
-5771
-5728
-5687
-5687
-5650
-5645
-5630
-5628
-5611
-5607
-5586
-5577
-5571
-5536
-5528
-5526
-5516
-5516
-5512
-5464
-5445
-5435
-5404
-5404
-5374
-5361
-5352
-5336
-5333
-5325
-5322
-5319
-5314
-5307
-5266
-5255
-5243
-5234
-5233
-5226
-5222
-5198
-5173
-5167
-5145
-5114
-5063
-5060
-5056
-5054
-5052
-5034
-5030
-5025
-4998
-4979
-4970
-4951
-4929
-4928
-4925
-4913
-4903
-4892
-4891
-4816
-4800
-4795
-4751
-4736
-4731
-4687
-4653
-4598
-4589
-4577
-4564
-4553
-4546
-4516
-4492
-4465
-4463
-4458
-4453
-4453
-4444
-4439
-4435
-4411
-4399
-4380
-4373
-4371
-4371
-4338
-4333
-4301
-4295
-4295
-4294
-4279
-4266
-4240
-4214
-4176
-4176
-4171
-4156
-4126
-4102
-4062
-4049
-4010
-4006
-4004
-4003
-3962
-3942
-3928
-3923
-3887
-3871
-3847
-3846
-3827
-3809
-3798
-3776
-3766
-3736
-3730
-3713
-3708
-3701
-3698
-3697
-3692
-3666
-3641
-3638
-3590
-3589
-3582
-3578
-3572
-3561
-3561
-3537
-3533
-3523
-3523
-3517
-3512
-3507
-3500
-3496
-3489
-3466
-3460
-3459
-3441
-3424
-3383
-3382
-3348
-3346
-3302
-3296
-3295
-3271
-3260
-3223
-3132
-3131
-3100
-3098
-3091
-3077
-3076
-3038
-3038
-3031
-2962
-2933
-2912
-2891
-2871
-2848
-2843
-2836
-2800
-2738
-2715
-2652
-2650
-2624
-2616
-2609
-2568
-2559
-2554
-2552
-2513
-2511
-2494
-2482
-2471
-2409
-2407
-2405
-2395
-2389
-2384
-2381
-2376
-2373
-2356
-2289
-2247
-2244
-2187
-2185
-2130
-2118
-2108
-2100
-2062
-2051
-2042
-2018
-1991
-1981
-1978
-1973
-1930
-1925
-1918
-1888
-1884
-1855
-1823
-1787
-1747
-1744
-1740
-1719
-1714
-1711
-1704
-1703
-1687
-1682
-1679
-1677
-1640
-1635
-1620
-1567
-1536
-1524
-1520
-1511
-1508
-1497
-1481
-1480
-1474
-1430
-1383
-1350
-1317
-1315
-1311
-1308
-1297
-1296
-1288
-1277
-1255
-1241
-1131
-1091
-1068
-1058
-990
-990
-989
-960
-859
-839
-832
-830
-826
-800
-787
-768
-712
-708
-687
-686
-686
-666
-663
-650
-643
-642
-639
-626
-504
-497
-490
-488
-486
-485
-459
-444
-435
-424
-423
-399
-383
-357
-343
-342
-324
-266
-259
-242
-237
-219
-211
-210
-188
-185
-168
-147
-145
-131
-106
-99
-95
-70
-46
-44
-39
-39
-28
3
8
21
40
67
75
80
93
106
112
116
145
176
188
191
195
202
212
227
285
291
303
322
333
353
383
466
523
527
548
555
585
674
695
712
771
808
814
833
836
838
877
893
900
932
974
1001
1003
1008
1020
1023
1060
1075
1101
1107
1111
1115
1124
1173
1185
1192
1196
1224
1240
1247
1258
1286
1316
1322
1323
1329
1333
1337
1342
1361
1422
1426
1461
1462
1477
1478
1511
1538
1556
1585
1600
1627
1635
1673
1701
1783
1818
1833
1840
1903
1928
1934
1942
1998
2043
2044
2052
2053
2060
2164
2168
2170
2181
2193
2209
2226
2249
2257
2263
2270
2287
2292
2316
2317
2356
2382
2391
2392
2404
2423
2439
2455
2508
2525
2529
2550
2591
2604
2609
2623
2637
2637
2662
2673
2678
2685
2702
2717
2722
2726
2734
2757
2760
2818
2835
2843
2859
2896
2938
2941
2949
2993
3007
3022
3030
3031
3061
3064
3142
3169
3186
3261
3290
3357
3401
3452
3458
3584
3648
3653
3694
3829
3931
3966
3971
3977
3985
3985
4008
4015
4018
4146
4181
4256
4270
4295
4309
4310
4343
4369
4413
4423
4460
4474
4485
4604
4606
4625
4688
4700
4736
4771
4798
4887
4893
4902
4924
4932
4945
4955
4962
4989
5006
5117
5141
5145
5185
5205
5255
5262
5264
5281
5350
5457
5498
5573
5574
5629
5724
5748
5759
5790
5881
5890
5944
6036
6085
6105
6118
6139
6142
6202
6215
6279
6282
6303
6413
6423
6512
6519
6541
6549
6565
6634
6641
6687
6827
6858
6941
6944
6962
6972
7035
7086
7103
7110
7189
7192
7222
7253
7371
7398
7410
7421
7437
7451
7505
7546
7549
7578
7673
7713
7773
7807
7825
7841
7861
7864
7870
7913
7958
7964
8007
8035
8060
8087
8114
8115
8127
8132
8190
8230
8240
8330
8443
8467
8538
8540
8584
8588
8636
8651
8651
8662
8678
8696
8716
8756
8762
8786
8787
8823
8875
8896
8935
8958
9008
9037
9072
9090
9156
9169
9187
9264
9314
9353
9357
9369
9375
9405
9497
9558
9589
9629
9668
9690
9711
9718
9796
9801
9815
9855
9866
9895
9912
9923
9954
9976
